boy id 23442  girl id 1 
1175 9
954 69
1616 69
956 89
1101 53
1114 89
862 95
1214 56
1970 39
1879 90
1239 64
939 47
2374 14
578 14
2153 16
2298 72
2089 14
2377 63
759 23
1511 12
boy id 23440  girl id 2 
1114 89
2576 64
2338 30
boy id 23444  girl id 4 
759 23
1089 31
2377 63
1175 9
boy id 23450  girl id 9 
1903 77
2576 64
1114 89
862 41
1970 39
954 69
862 95
1089 31
2928 92
2153 16
2298 72
2359 72
1901 56
1865 40
2319 9
823 21
1460 3
2620 9
boy id 23443  girl id 11 
2576 64
boy id 23438  girl id 13 
2359 72
1198 74
1892 89
boy id 23436  girl id 3 
686 46
2287 67
boy id 23437  girl id 5 
862 95
2263 47
boy id 23439  girl id 6 
1970 39
2437 17
boy id 23441  girl id 7 
632 97
956 89
1175 9
2374 14
boy id 23445  girl id 8 
759 23
862 41
1520 52
2260 71
boy id 23446  girl id 10 
2359 72
boy id 23447  girl id 12 
632 97
2263 47
1214 56
boy id 23448  girl id 14 
1175 9
2377 63
2374 14
2260 71
954 69
2139 50
1101 53
851 40
1667 21
1198 74
1616 69
1089 31
956 89
2338 30
2263 37
1970 39
1901 56
2287 67
2957 67
boy id 23449  girl id 15 
2089 14
girl boy happiness
5 23437 33879
15 23449 32714
14 23448 22026
4 23444 494
2 23440 352
6 23439 314
3 23436 260
11 23443 235
7 23441 203
13 23438 194
girl boy  happiness
8 23445 45288
12 23447 45266
13 23438 44508
10 23446 44146
6 23439 40293
11 23443 37624
2 23440 37277
5 23437 35269
15 23449 33187
3 23436 31869
